36 36 39 1.0 0.0 0.0 0.0
36 36 42 1.0 0.0 0.0 0.0
36 37 37 1.0 0.0 0.0 0.0
36 37 38 3.0 0.0 0.0 0.0
36 37 39 18.0 0.0 0.0 0.0
36 37 40 23.0 0.0 0.0 0.0
36 37 41 15.0 0.0 0.0 0.0
36 37 42 3.0 0.0 0.0 0.0
36 37 43 2.0 0.0 0.0 0.0
36 38 36 1.0 0.0 0.0 0.0
36 38 37 3.0 0.0 0.0 0.0
36 38 38 38.0 0.0 0.0 0.0
36 38 39 72.0 0.0 1.0 0.0
36 38 40 114.0 0.0 0.0 0.0
36 38 41 71.0 0.0 1.0 0.0
36 38 42 33.0 0.0 0.0 0.0
36 38 43 4.0 0.0 0.0 0.0
36 38 44 1.0 0.0 0.0 0.0
36 39 37 15.0 0.0 0.0 0.0
36 39 38 95.0 0.0 2.0 0.0
36 39 39 215.0 0.0 3.0 0.0
36 39 40 267.0 0.0 8.0 0.0
36 39 41 202.0 0.0 1.0 0.0
36 39 42 90.0 0.0 1.0 0.0
36 39 43 30.0 0.0 0.0 0.0
36 40 37 21.0 0.0 1.0 0.0
36 40 38 101.0 0.0 1.0 0.0
36 40 39 278.0 0.0 8.0 0.0
36 40 40 378.0 0.0 4.0 0.0
36 40 41 351.0 0.0 5.0 0.0
36 40 42 102.0 0.0 3.0 0.0
36 40 43 24.0 0.0 0.0 0.0
36 40 44 4.0 0.0 1.0 0.0
36 41 37 13.0 0.0 0.0 0.0
36 41 38 97.0 0.0 2.0 0.0
36 41 39 196.0 0.0 3.0 0.0
36 41 40 318.0 0.0 3.0 0.0
36 41 41 221.0 0.0 2.0 0.0
36 41 42 99.0 0.0 1.0 0.0
36 41 43 22.0 0.0 0.0 0.0
36 41 44 1.0 0.0 0.0 0.0
36 42 37 5.0 0.0 0.0 0.0
36 42 38 32.0 0.0 0.0 0.0
36 42 39 87.0 0.0 1.0 0.0
36 42 40 136.0 0.0 2.0 0.0
36 42 41 105.0 0.0 0.0 0.0
36 42 42 34.0 0.0 0.0 0.0
36 42 43 3.0 0.0 0.0 0.0
36 43 38 9.0 0.0 0.0 0.0
36 43 39 14.0 0.0 0.0 0.0
36 43 40 37.0 0.0 0.0 0.0
36 43 41 16.0 0.0 0.0 0.0
36 43 42 3.0 0.0 0.0 0.0
36 44 41 1.0 0.0 0.0 0.0
37 36 38 4.0 0.0 0.0 0.0
37 36 39 15.0 0.0 0.0 0.0
37 36 40 16.0 0.0 0.0 0.0
37 36 41 13.0 0.0 0.0 0.0
37 36 42 4.0 0.0 0.0 0.0
37 37 37 109.0 0.0 1.0 0.0
37 37 38 501.0 0.0 11.0 0.0
37 37 39 1354.0 0.0 25.0 0.0
37 37 40 1824.0 0.0 23.0 0.0
37 37 41 1449.0 0.0 10.0 0.0
37 37 42 629.0 0.0 11.0 0.0
37 37 43 120.0 0.0 2.0 0.0
37 38 36 2.0 0.0 0.0 0.0
37 38 37 533.0 0.0 6.0 0.0
37 38 38 3018.0 0.0 47.0 0.0
37 38 39 7038.0 0.0 97.0 7.0
37 38 40 8993.0 0.0 125.0 4.0
37 38 41 6908.0 0.0 90.0 2.0
37 38 42 2935.0 0.0 58.0 0.0
37 38 43 587.0 0.0 12.0 0.0
37 38 44 7.0 0.0 0.0 0.0
37 39 36 15.0 0.0 0.0 0.0
37 39 37 1447.0 0.0 19.0 0.0
37 39 38 7083.0 0.0 103.0 3.0
37 39 39 15707.0 0.0 214.0 15.0
37 39 40 19787.0 0.0 268.0 23.0
37 39 41 15463.0 0.0 223.0 18.0
37 39 42 7130.0 0.0 103.0 3.0
37 39 43 1470.0 0.0 24.0 0.0
37 39 44 28.0 0.0 0.0 0.0
37 40 36 15.0 0.0 0.0 0.0
37 40 37 2093.0 0.0 23.0 0.0
37 40 38 9776.0 0.0 154.0 8.0
37 40 39 20642.0 0.0 315.0 35.0
37 40 40 24750.0 0.0 329.0 36.0
37 40 41 20032.0 0.0 264.0 26.0
37 40 42 8966.0 0.0 127.0 5.0
37 40 43 1699.0 0.0 35.0 0.0
37 40 44 18.0 0.0 0.0 0.0
37 41 36 18.0 0.0 0.0 0.0
37 41 37 1566.0 0.0 33.0 0.0
37 41 38 7512.0 0.0 94.0 3.0
37 41 39 16427.0 0.0 237.0 20.0
37 41 40 20929.0 0.0 268.0 29.0
37 41 41 16598.0 0.0 231.0 18.0
37 41 42 7145.0 0.0 111.0 0.0
37 41 43 1508.0 0.0 14.0 0.0
37 41 44 18.0 0.0 0.0 0.0
37 42 36 7.0 0.0 0.0 0.0
37 42 37 637.0 0.0 9.0 0.0
37 42 38 3219.0 0.0 53.0 1.0
37 42 39 8176.0 0.0 107.0 8.0
37 42 40 9698.0 0.0 156.0 5.0
37 42 41 7556.0 0.0 104.0 2.0
37 42 42 3008.0 0.0 48.0 0.0
37 42 43 585.0 0.0 11.0 0.0
37 42 44 2.0 0.0 0.0 0.0
37 43 36 2.0 0.0 0.0 0.0
37 43 37 129.0 0.0 2.0 0.0
37 43 38 663.0 0.0 14.0 0.0
37 43 39 1596.0 0.0 33.0 0.0
37 43 40 2227.0 0.0 44.0 0.0
37 43 41 1614.0 0.0 33.0 0.0
37 43 42 631.0 0.0 12.0 0.0
37 43 43 116.0 0.0 6.0 0.0
37 44 38 11.0 0.0 1.0 0.0
37 44 39 22.0 0.0 1.0 0.0
37 44 40 27.0 0.0 0.0 0.0
37 44 41 17.0 0.0 0.0 0.0
37 44 42 4.0 0.0 0.0 0.0
38 36 37 5.0 0.0 0.0 0.0
38 36 38 23.0 0.0 0.0 0.0
38 36 39 74.0 0.0 0.0 0.0
38 36 40 93.0 0.0 2.0 0.0
38 36 41 64.0 0.0 1.0 0.0
38 36 42 31.0 0.0 0.0 0.0
38 36 43 2.0 0.0 0.0 0.0
38 37 36 6.0 0.0 0.0 0.0
38 37 37 568.0 0.0 11.0 0.0
38 37 38 2895.0 0.0 49.0 1.0
38 37 39 6907.0 0.0 118.0 4.0
38 37 40 9043.0 0.0 120.0 6.0
38 37 41 6780.0 0.0 98.0 2.0
38 37 42 3062.0 0.0 39.0 0.0
38 37 43 560.0 0.0 9.0 0.0
38 37 44 5.0 0.0 0.0 0.0
38 38 36 43.0 0.0 0.0 0.0
38 38 37 3354.0 0.0 49.0 1.0
38 38 38 25201.0 0.0 334.0 79.0
38 38 39 45429.0 0.0 531.0 264.0
38 38 40 56014.0 0.0 653.0 444.0
38 38 41 46862.0 0.0 589.0 294.0
38 38 42 25345.0 0.0 355.0 83.0
38 38 43 3041.0 0.0 49.0 0.0
38 38 44 21.0 0.0 1.0 0.0
38 39 36 106.0 0.0 1.0 0.0
38 39 37 7586.0 0.0 116.0 2.0
38 39 38 46825.0 0.0 568.0 256.0
38 39 39 74976.0 0.0 728.0 959.0
38 39 40 83790.0 0.0 712.0 1414.0
38 39 41 74331.0 0.0 732.0 903.0
38 39 42 46935.0 0.0 555.0 266.0
38 39 43 7190.0 0.0 111.0 0.0
38 39 44 91.0 0.0 3.0 0.0
38 40 36 135.0 0.0 2.0 0.0
38 40 37 10092.0 0.0 150.0 5.0
38 40 38 58267.0 0.0 635.0 480.0
38 40 39 84593.0 0.0 771.0 1386.0
38 40 40 93380.0 0.0 783.0 1894.0
38 40 41 84217.0 0.0 808.0 1472.0
38 40 42 57280.0 0.0 662.0 453.0
38 40 43 8982.0 0.0 128.0 4.0
38 40 44 118.0 0.0 7.0 0.0
38 41 36 113.0 0.0 1.0 0.0
38 41 37 8377.0 0.0 132.0 1.0
38 41 38 49231.0 0.0 554.0 330.0
38 41 39 76715.0 0.0 741.0 1027.0
38 41 40 85101.0 0.0 806.0 1484.0
38 41 41 75019.0 0.0 742.0 940.0
38 41 42 47497.0 0.0 603.0 292.0
38 41 43 7248.0 0.0 126.0 0.0
38 41 44 84.0 0.0 0.0 0.0
38 42 36 34.0 0.0 0.0 0.0
38 42 37 3962.0 0.0 68.0 1.0
38 42 38 27552.0 0.0 412.0 77.0
38 42 39 49888.0 0.0 568.0 294.0
38 42 40 58657.0 0.0 661.0 491.0
38 42 41 47241.0 0.0 611.0 317.0
38 42 42 26481.0 0.0 404.0 82.0
38 42 43 2996.0 0.0 46.0 1.0
38 42 44 35.0 0.0 0.0 0.0
38 43 36 2.0 0.0 0.0 0.0
38 43 37 838.0 0.0 9.0 0.0
38 43 38 3531.0 0.0 53.0 0.0
38 43 39 8059.0 0.0 122.0 4.0
38 43 40 9995.0 0.0 128.0 13.0
38 43 41 7623.0 0.0 117.0 3.0
38 43 42 3095.0 0.0 34.0 0.0
38 43 43 484.0 0.0 8.0 0.0
38 43 44 7.0 0.0 1.0 0.0
38 44 36 1.0 0.0 0.0 0.0
38 44 37 6.0 0.0 0.0 0.0
38 44 38 35.0 0.0 0.0 0.0
38 44 39 128.0 0.0 4.0 0.0
38 44 40 123.0 0.0 2.0 0.0
38 44 41 92.0 0.0 0.0 0.0
38 44 42 29.0 0.0 0.0 0.0
38 44 43 5.0 0.0 0.0 0.0
39 36 37 11.0 0.0 0.0 0.0
39 36 38 76.0 0.0 3.0 0.0
39 36 39 165.0 0.0 2.0 0.0
39 36 40 254.0 0.0 4.0 0.0
39 36 41 210.0 0.0 3.0 0.0
39 36 42 73.0 0.0 0.0 0.0
39 36 43 15.0 0.0 0.0 0.0
39 37 36 12.0 0.0 0.0 0.0
39 37 37 1529.0 0.0 29.0 0.0
39 37 38 7307.0 0.0 108.0 3.0
39 37 39 15307.0 0.0 206.0 9.0
39 37 40 18895.0 0.0 259.0 25.0
39 37 41 15288.0 0.0 245.0 26.0
39 37 42 6991.0 0.0 105.0 1.0
39 37 43 1262.0 0.0 17.0 0.0
39 37 44 11.0 0.0 1.0 0.0
39 38 36 101.0 0.0 1.0 0.0
39 38 37 7488.0 0.0 130.0 7.0
39 38 38 48320.0 0.0 595.0 313.0
39 38 39 74923.0 0.0 713.0 937.0
39 38 40 83575.0 0.0 738.0 1361.0
39 38 41 74391.0 0.0 754.0 955.0
39 38 42 45230.0 0.0 535.0 247.0
39 38 43 6647.0 0.0 91.0 3.0
39 38 44 77.0 0.0 0.0 0.0
39 39 36 233.0 0.0 1.0 0.0
39 39 37 16594.0 0.0 228.0 17.0
39 39 38 76167.0 0.0 747.0 996.0
39 39 39 103516.0 0.0 771.0 4321.0
39 39 40 109699.0 0.0 749.0 5210.0
39 39 41 103451.0 0.0 726.0 4395.0
39 39 42 74155.0 0.0 767.0 874.0
39 39 43 14910.0 0.0 204.0 24.0
39 39 44 174.0 0.0 1.0 0.0
39 40 36 383.0 0.0 11.0 0.0
39 40 37 22119.0 0.0 331.0 40.0
39 40 38 86310.0 0.0 767.0 1548.0
39 40 39 110165.0 0.0 778.0 5467.0
39 40 40 116196.0 0.0 728.0 6405.0
39 40 41 109718.0 0.0 724.0 5323.0
39 40 42 83286.0 0.0 737.0 1363.0
39 40 43 19091.0 0.0 264.0 27.0
39 40 44 268.0 0.0 9.0 0.0
39 41 36 286.0 0.0 6.0 0.0
39 41 37 18523.0 0.0 265.0 33.0
39 41 38 78094.0 0.0 706.0 1173.0
39 41 39 104665.0 0.0 721.0 4620.0
39 41 40 110341.0 0.0 731.0 5288.0
39 41 41 103794.0 0.0 800.0 4460.0
39 41 42 74313.0 0.0 766.0 958.0
39 41 43 15216.0 0.0 225.0 20.0
39 41 44 188.0 0.0 1.0 0.0
39 42 36 134.0 0.0 1.0 0.0
39 42 37 8737.0 0.0 99.0 4.0
39 42 38 52100.0 0.0 630.0 360.0
39 42 39 77270.0 0.0 759.0 1023.0
39 42 40 85234.0 0.0 749.0 1492.0
39 42 41 74665.0 0.0 762.0 912.0
39 42 42 46490.0 0.0 583.0 240.0
39 42 43 6889.0 0.0 96.0 4.0
39 42 44 80.0 0.0 1.0 0.0
39 43 36 28.0 0.0 1.0 0.0
39 43 37 1808.0 0.0 37.0 0.0
39 43 38 8394.0 0.0 144.0 3.0
39 43 39 17361.0 0.0 275.0 19.0
39 43 40 20991.0 0.0 279.0 30.0
39 43 41 15966.0 0.0 214.0 12.0
39 43 42 6816.0 0.0 103.0 5.0
39 43 43 1324.0 0.0 20.0 0.0
39 43 44 21.0 0.0 0.0 0.0
39 44 36 1.0 0.0 0.0 0.0
39 44 37 14.0 0.0 0.0 0.0
39 44 38 82.0 0.0 0.0 0.0
39 44 39 268.0 0.0 10.0 0.0
39 44 40 310.0 0.0 2.0 0.0
39 44 41 237.0 0.0 8.0 0.0
39 44 42 71.0 0.0 3.0 0.0
39 44 43 14.0 0.0 2.0 0.0
40 36 36 1.0 0.0 0.0 0.0
40 36 37 17.0 0.0 0.0 0.0
40 36 38 100.0 0.0 3.0 0.0
40 36 39 311.0 0.0 6.0 0.0
40 36 40 361.0 0.0 8.0 0.0
40 36 41 238.0 0.0 6.0 0.0
40 36 42 105.0 0.0 5.0 0.0
40 36 43 19.0 0.0 0.0 0.0
40 37 36 22.0 0.0 0.0 0.0
40 37 37 1940.0 0.0 26.0 0.0
40 37 38 9177.0 0.0 117.0 2.0
40 37 39 19609.0 0.0 258.0 32.0
40 37 40 24303.0 0.0 321.0 34.0
40 37 41 18823.0 0.0 262.0 18.0
40 37 42 8935.0 0.0 144.0 3.0
40 37 43 1751.0 0.0 26.0 0.0
40 37 44 11.0 0.0 0.0 0.0
40 38 36 139.0 0.0 0.0 0.0
40 38 37 9448.0 0.0 138.0 3.0
40 38 38 57340.0 0.0 624.0 466.0
40 38 39 83912.0 0.0 774.0 1404.0
40 38 40 92500.0 0.0 795.0 1893.0
40 38 41 83766.0 0.0 832.0 1387.0
40 38 42 55870.0 0.0 604.0 417.0
40 38 43 8870.0 0.0 125.0 5.0
40 38 44 89.0 0.0 0.0 0.0
40 39 36 328.0 0.0 5.0 0.0
40 39 37 21278.0 0.0 313.0 28.0
40 39 38 85040.0 0.0 789.0 1418.0
40 39 39 110189.0 0.0 758.0 5408.0
40 39 40 116072.0 0.0 728.0 6481.0
40 39 41 108862.0 0.0 774.0 5313.0
40 39 42 83046.0 0.0 766.0 1291.0
40 39 43 19493.0 0.0 263.0 21.0
40 39 44 238.0 0.0 7.0 0.0
40 40 36 426.0 0.0 8.0 0.0
40 40 37 27642.0 0.0 372.0 54.0
40 40 38 94238.0 0.0 741.0 2124.0
40 40 39 116766.0 0.0 712.0 6546.0
40 40 40 120595.0 0.0 646.0 11952.0
40 40 41 115546.0 0.0 780.0 6195.0
40 40 42 92663.0 0.0 834.0 1849.0
40 40 43 24044.0 0.0 333.0 49.0
40 40 44 372.0 0.0 11.0 0.0
40 41 36 361.0 0.0 1.0 0.0
40 41 37 22871.0 0.0 345.0 55.0
40 41 38 87002.0 0.0 790.0 1592.0
40 41 39 110608.0 0.0 764.0 5686.0
40 41 40 116487.0 0.0 731.0 6417.0
40 41 41 109736.0 0.0 755.0 5165.0
40 41 42 82952.0 0.0 689.0 1376.0
40 41 43 18838.0 0.0 273.0 27.0
40 41 44 262.0 0.0 5.0 0.0
40 42 36 164.0 0.0 1.0 0.0
40 42 37 11190.0 0.0 171.0 13.0
40 42 38 60589.0 0.0 661.0 569.0
40 42 39 85663.0 0.0 761.0 1486.0
40 42 40 93015.0 0.0 801.0 1966.0
40 42 41 83373.0 0.0 774.0 1306.0
40 42 42 54968.0 0.0 619.0 392.0
40 42 43 9013.0 0.0 136.0 2.0
40 42 44 94.0 0.0 2.0 0.0
40 43 36 30.0 0.0 1.0 0.0
40 43 37 2354.0 0.0 37.0 0.0
40 43 38 10857.0 0.0 180.0 7.0
40 43 39 21422.0 0.0 302.0 35.0
40 43 40 25611.0 0.0 350.0 51.0
40 43 41 19903.0 0.0 295.0 24.0
40 43 42 9101.0 0.0 133.0 6.0
40 43 43 1727.0 0.0 21.0 0.0
40 43 44 11.0 0.0 0.0 0.0
40 44 37 20.0 0.0 0.0 0.0
40 44 38 147.0 0.0 2.0 0.0
40 44 39 315.0 0.0 3.0 0.0
40 44 40 418.0 0.0 5.0 0.0
40 44 41 286.0 0.0 2.0 0.0
40 44 42 134.0 0.0 1.0 0.0
40 44 43 30.0 0.0 0.0 0.0
40 44 44 1.0 0.0 0.0 0.0
41 36 36 1.0 0.0 0.0 0.0
41 36 37 9.0 0.0 0.0 0.0
41 36 38 64.0 0.0 0.0 0.0
41 36 39 228.0 0.0 3.0 0.0
41 36 40 254.0 0.0 6.0 0.0
41 36 41 209.0 0.0 2.0 0.0
41 36 42 64.0 0.0 1.0 0.0
41 36 43 10.0 0.0 0.0 0.0
41 37 36 16.0 0.0 0.0 0.0
41 37 37 1521.0 0.0 31.0 0.0
41 37 38 7002.0 0.0 114.0 3.0
41 37 39 15731.0 0.0 238.0 11.0
41 37 40 19243.0 0.0 242.0 26.0
41 37 41 15522.0 0.0 223.0 19.0
41 37 42 7052.0 0.0 115.0 5.0
41 37 43 1395.0 0.0 16.0 0.0
41 37 44 11.0 0.0 1.0 0.0
41 38 36 96.0 0.0 1.0 0.0
41 38 37 7442.0 0.0 140.0 4.0
41 38 38 47154.0 0.0 563.0 275.0
41 38 39 74754.0 0.0 795.0 946.0
41 38 40 83520.0 0.0 779.0 1353.0
41 38 41 74287.0 0.0 739.0 972.0
41 38 42 47143.0 0.0 554.0 281.0
41 38 43 6879.0 0.0 89.0 3.0
41 38 44 86.0 0.0 0.0 0.0
41 39 36 249.0 0.0 5.0 0.0
41 39 37 16945.0 0.0 233.0 14.0
41 39 38 76243.0 0.0 731.0 1016.0
41 39 39 103569.0 0.0 768.0 4331.0
41 39 40 109536.0 0.0 756.0 5110.0
41 39 41 103386.0 0.0 721.0 4378.0
41 39 42 74134.0 0.0 712.0 948.0
41 39 43 15072.0 0.0 219.0 16.0
41 39 44 178.0 0.0 1.0 0.0
41 40 36 396.0 0.0 7.0 0.0
41 40 37 21391.0 0.0 301.0 32.0
41 40 38 85920.0 0.0 770.0 1553.0
41 40 39 110423.0 0.0 740.0 5384.0
41 40 40 116355.0 0.0 689.0 6388.0
41 40 41 109603.0 0.0 765.0 5242.0
41 40 42 83178.0 0.0 744.0 1294.0
41 40 43 18688.0 0.0 264.0 24.0
41 40 44 211.0 0.0 3.0 0.0
41 41 36 257.0 0.0 8.0 0.0
41 41 37 17272.0 0.0 278.0 18.0
41 41 38 77443.0 0.0 721.0 1091.0
41 41 39 104130.0 0.0 745.0 4500.0
41 41 40 109891.0 0.0 756.0 5262.0
41 41 41 103248.0 0.0 736.0 4377.0
41 41 42 73542.0 0.0 688.0 887.0
41 41 43 14694.0 0.0 217.0 13.0
41 41 44 210.0 0.0 8.0 0.0
41 42 36 107.0 0.0 2.0 0.0
41 42 37 8319.0 0.0 142.0 6.0
41 42 38 49595.0 0.0 591.0 322.0
41 42 39 75278.0 0.0 746.0 987.0
41 42 40 84461.0 0.0 763.0 1420.0
41 42 41 73597.0 0.0 725.0 910.0
41 42 42 46779.0 0.0 577.0 262.0
41 42 43 6788.0 0.0 81.0 3.0
41 42 44 60.0 0.0 3.0 0.0
41 43 35 1.0 0.0 0.0 0.0
41 43 36 15.0 0.0 0.0 0.0
41 43 37 1729.0 0.0 22.0 0.0
41 43 38 7629.0 0.0 115.0 4.0
41 43 39 16126.0 0.0 230.0 11.0
41 43 40 20001.0 0.0 295.0 35.0
41 43 41 15227.0 0.0 210.0 15.0
41 43 42 6727.0 0.0 110.0 7.0
41 43 43 1397.0 0.0 29.0 0.0
41 43 44 5.0 0.0 0.0 0.0
41 44 37 14.0 0.0 0.0 0.0
41 44 38 97.0 0.0 1.0 0.0
41 44 39 245.0 0.0 10.0 0.0
41 44 40 318.0 0.0 2.0 0.0
41 44 41 207.0 0.0 4.0 0.0
41 44 42 83.0 0.0 2.0 0.0
41 44 43 7.0 0.0 0.0 0.0
42 36 36 1.0 0.0 0.0 0.0
42 36 37 7.0 0.0 1.0 0.0
42 36 38 23.0 0.0 0.0 0.0
42 36 39 82.0 0.0 3.0 0.0
42 36 40 115.0 0.0 4.0 0.0
42 36 41 75.0 0.0 1.0 0.0
42 36 42 32.0 0.0 0.0 0.0
42 36 43 2.0 0.0 0.0 0.0
42 37 36 6.0 0.0 0.0 0.0
42 37 37 686.0 0.0 14.0 0.0
42 37 38 3239.0 0.0 58.0 0.0
42 37 39 6729.0 0.0 116.0 2.0
42 37 40 8868.0 0.0 155.0 4.0
42 37 41 7182.0 0.0 95.0 2.0
42 37 42 3114.0 0.0 57.0 0.0
42 37 43 558.0 0.0 2.0 0.0
42 37 44 8.0 0.0 0.0 0.0
42 38 36 31.0 0.0 1.0 0.0
42 38 37 3332.0 0.0 48.0 0.0
42 38 38 25137.0 0.0 347.0 68.0
42 38 39 46245.0 0.0 570.0 276.0
42 38 40 55430.0 0.0 667.0 411.0
42 38 41 46427.0 0.0 599.0 268.0
42 38 42 25256.0 0.0 372.0 60.0
42 38 43 2951.0 0.0 50.0 0.0
42 38 44 34.0 0.0 2.0 0.0
42 39 36 84.0 0.0 2.0 0.0
42 39 37 8013.0 0.0 120.0 4.0
42 39 38 49041.0 0.0 601.0 313.0
42 39 39 74852.0 0.0 744.0 979.0
42 39 40 83644.0 0.0 779.0 1347.0
42 39 41 73850.0 0.0 699.0 956.0
42 39 42 46473.0 0.0 564.0 251.0
42 39 43 6796.0 0.0 87.0 0.0
42 39 44 71.0 0.0 0.0 0.0
42 39 45 1.0 0.0 0.0 0.0
42 40 36 102.0 0.0 2.0 0.0
42 40 37 10395.0 0.0 155.0 6.0
42 40 38 57684.0 0.0 634.0 473.0
42 40 39 84253.0 0.0 754.0 1386.0
42 40 40 92411.0 0.0 762.0 1943.0
42 40 41 83372.0 0.0 728.0 1277.0
42 40 42 57306.0 0.0 653.0 445.0
42 40 43 8798.0 0.0 127.0 5.0
42 40 44 120.0 0.0 2.0 0.0
42 41 36 98.0 0.0 0.0 0.0
42 41 37 7617.0 0.0 117.0 4.0
42 41 38 48300.0 0.0 575.0 287.0
42 41 39 75187.0 0.0 749.0 908.0
42 41 40 83210.0 0.0 775.0 1406.0
42 41 41 73847.0 0.0 759.0 854.0
42 41 42 46290.0 0.0 576.0 264.0
42 41 43 6722.0 0.0 103.0 2.0
42 41 44 67.0 0.0 0.0 0.0
42 42 36 52.0 0.0 1.0 0.0
42 42 37 3678.0 0.0 52.0 1.0
42 42 38 26163.0 0.0 344.0 82.0
42 42 39 47210.0 0.0 526.0 287.0
42 42 40 55143.0 0.0 598.0 421.0
42 42 41 46399.0 0.0 594.0 263.0
42 42 42 24508.0 0.0 355.0 65.0
42 42 43 2762.0 0.0 38.0 0.0
42 42 44 20.0 0.0 0.0 0.0
42 43 36 11.0 0.0 0.0 0.0
42 43 37 653.0 0.0 8.0 0.0
42 43 38 3253.0 0.0 39.0 0.0
42 43 39 7244.0 0.0 122.0 6.0
42 43 40 8889.0 0.0 136.0 6.0
42 43 41 6983.0 0.0 118.0 3.0
42 43 42 2958.0 0.0 40.0 0.0
42 43 43 523.0 0.0 5.0 0.0
42 43 44 5.0 0.0 0.0 0.0
42 44 37 2.0 0.0 0.0 0.0
42 44 38 26.0 0.0 0.0 0.0
42 44 39 74.0 0.0 0.0 0.0
42 44 40 96.0 0.0 2.0 0.0
42 44 41 81.0 0.0 2.0 0.0
42 44 42 35.0 0.0 1.0 0.0
42 44 43 3.0 0.0 0.0 0.0
43 36 38 5.0 0.0 0.0 0.0
43 36 39 9.0 0.0 0.0 0.0
43 36 40 21.0 0.0 1.0 0.0
43 36 41 13.0 0.0 0.0 0.0
43 36 42 2.0 0.0 0.0 0.0
43 37 37 98.0 0.0 2.0 0.0
43 37 38 516.0 0.0 8.0 0.0
43 37 39 1219.0 0.0 16.0 0.0
43 37 40 1735.0 0.0 23.0 0.0
43 37 41 1387.0 0.0 19.0 0.0
43 37 42 576.0 0.0 6.0 0.0
43 37 43 99.0 0.0 2.0 0.0
43 37 44 1.0 0.0 0.0 0.0
43 38 36 4.0 0.0 0.0 0.0
43 38 37 670.0 0.0 13.0 0.0
43 38 38 3128.0 0.0 48.0 0.0
43 38 39 7155.0 0.0 111.0 5.0
43 38 40 8763.0 0.0 144.0 4.0
43 38 41 7026.0 0.0 91.0 3.0
43 38 42 3000.0 0.0 53.0 1.0
43 38 43 571.0 0.0 12.0 0.0
43 38 44 10.0 0.0 0.0 0.0
43 39 36 27.0 0.0 1.0 0.0
43 39 37 1471.0 0.0 21.0 0.0
43 39 38 7773.0 0.0 126.0 5.0
43 39 39 15776.0 0.0 227.0 22.0
43 39 40 19320.0 0.0 282.0 29.0
43 39 41 15025.0 0.0 222.0 9.0
43 39 42 6943.0 0.0 101.0 3.0
43 39 43 1489.0 0.0 21.0 0.0
43 39 44 6.0 0.0 0.0 0.0
43 40 36 22.0 0.0 0.0 0.0
43 40 37 2051.0 0.0 33.0 0.0
43 40 38 9305.0 0.0 131.0 5.0
43 40 39 19308.0 0.0 295.0 25.0
43 40 40 24043.0 0.0 335.0 50.0
43 40 41 19713.0 0.0 286.0 27.0
43 40 42 8644.0 0.0 131.0 5.0
43 40 43 1959.0 0.0 37.0 0.0
43 40 44 9.0 0.0 0.0 0.0
43 41 36 30.0 0.0 0.0 0.0
43 41 37 1490.0 0.0 25.0 0.0
43 41 38 7046.0 0.0 112.0 1.0
43 41 39 15860.0 0.0 234.0 14.0
43 41 40 19495.0 0.0 287.0 21.0
43 41 41 14880.0 0.0 221.0 17.0
43 41 42 6947.0 0.0 90.0 5.0
43 41 43 1419.0 0.0 22.0 0.0
43 41 44 12.0 0.0 0.0 0.0
43 42 36 5.0 0.0 0.0 0.0
43 42 37 606.0 0.0 8.0 0.0
43 42 38 3149.0 0.0 47.0 0.0
43 42 39 6690.0 0.0 77.0 1.0
43 42 40 8627.0 0.0 144.0 5.0
43 42 41 6769.0 0.0 110.0 1.0
43 42 42 2895.0 0.0 42.0 1.0
43 42 43 671.0 0.0 12.0 0.0
43 42 44 2.0 0.0 0.0 0.0
43 43 37 91.0 0.0 0.0 0.0
43 43 38 564.0 0.0 10.0 0.0
43 43 39 1306.0 0.0 28.0 0.0
43 43 40 1871.0 0.0 34.0 1.0
43 43 41 1425.0 0.0 27.0 0.0
43 43 42 487.0 0.0 5.0 0.0
43 43 43 64.0 0.0 0.0 0.0
43 44 37 1.0 0.0 0.0 0.0
43 44 38 2.0 0.0 0.0 0.0
43 44 39 11.0 0.0 1.0 0.0
43 44 40 9.0 0.0 0.0 0.0
43 44 41 11.0 0.0 0.0 0.0
43 44 42 12.0 0.0 0.0 0.0
43 44 43 1.0 0.0 0.0 0.0
44 36 40 2.0 0.0 0.0 0.0
44 37 37 1.0 0.0 0.0 0.0
44 37 38 8.0 0.0 0.0 0.0
44 37 39 6.0 0.0 0.0 0.0
44 37 40 27.0 0.0 1.0 0.0
44 37 41 4.0 0.0 0.0 0.0
44 37 42 8.0 0.0 0.0 0.0
44 38 37 1.0 0.0 0.0 0.0
44 38 38 29.0 0.0 0.0 0.0
44 38 39 92.0 0.0 3.0 0.0
44 38 40 100.0 0.0 2.0 0.0
44 38 41 66.0 0.0 1.0 0.0
44 38 42 43.0 0.0 1.0 0.0
44 38 43 9.0 0.0 1.0 0.0
44 39 37 10.0 0.0 0.0 0.0
44 39 38 91.0 0.0 2.0 0.0
44 39 39 173.0 0.0 1.0 0.0
44 39 40 297.0 0.0 8.0 0.0
44 39 41 174.0 0.0 1.0 0.0
44 39 42 77.0 0.0 0.0 0.0
44 39 43 13.0 0.0 0.0 0.0
44 40 37 16.0 0.0 0.0 0.0
44 40 38 103.0 0.0 2.0 0.0
44 40 39 273.0 0.0 4.0 0.0
44 40 40 299.0 0.0 5.0 0.0
44 40 41 294.0 0.0 5.0 0.0
44 40 42 108.0 0.0 3.0 0.0
44 40 43 12.0 0.0 0.0 0.0
44 41 37 11.0 0.0 1.0 0.0
44 41 38 95.0 0.0 3.0 0.0
44 41 39 257.0 0.0 9.0 0.0
44 41 40 263.0 0.0 5.0 0.0
44 41 41 216.0 0.0 1.0 0.0
44 41 42 88.0 0.0 2.0 0.0
44 41 43 22.0 0.0 0.0 0.0
44 41 44 2.0 0.0 0.0 0.0
44 42 37 4.0 0.0 0.0 0.0
44 42 38 37.0 0.0 0.0 0.0
44 42 39 78.0 0.0 2.0 0.0
44 42 40 90.0 0.0 0.0 0.0
44 42 41 67.0 0.0 1.0 0.0
44 42 42 24.0 0.0 0.0 0.0
44 42 43 4.0 0.0 0.0 0.0
44 43 38 1.0 0.0 0.0 0.0
44 43 39 12.0 0.0 0.0 0.0
44 43 40 19.0 0.0 0.0 0.0
44 43 41 9.0 0.0 0.0 0.0
44 43 42 8.0 0.0 0.0 0.0
44 44 41 2.0 0.0 0.0 0.0
44 44 43 1.0 0.0 0.0 0.0
45 39 40 1.0 0.0 0.0 0.0
